128,104

1,           6.,           4.
2,           6.,           0.
3,          12.,           0.
4,          12.,           6.
5,           8.,           6.
6,           4.,           6.
7,           0.,           6.
8,           0.,           0.
9,           6.,          12.
10,           6.,           8.
11,          12.,          12.
12,           0.,          12.
13,   7.41421366,   4.58578634
14,           6.,   3.20000005
15,           6.,    2.4000001
16,           6.,   1.60000002
17,           6.,  0.800000012
18,   7.19999981,           0.
19,   8.39999962,           0.
20,   9.60000038,           0.
21,   10.8000002,           0.
22,          12.,   1.20000005
23,          12.,    2.4000001
24,          12.,    3.5999999
25,          12.,   4.80000019
26,   11.1999998,           6.
27,   10.3999996,           6.
28,   9.60000038,           6.
29,   8.80000019,           6.
30,   1.20000005,           0.
31,    2.4000001,           0.
32,    3.5999999,           0.
33,   4.80000019,           0.
34,   4.58578634,   4.58578634
35,   3.20000005,           6.
36,    2.4000001,           6.
37,   1.60000002,           6.
38,  0.800000012,           6.
39,           0.,   4.80000019
40,           0.,    3.5999999
41,           0.,    2.4000001
42,           0.,   1.20000005
43,   10.8000002,          12.
44,   9.60000038,          12.
45,   8.39999962,          12.
46,   7.19999981,          12.
47,           6.,   11.1999998
48,           6.,   10.3999996
49,           6.,   9.60000038
50,           6.,   8.80000019
51,   7.41421366,   7.41421366
52,          12.,   7.19999981
53,          12.,   8.39999962
54,          12.,   9.60000038
55,          12.,   10.8000002
56,   4.58578634,   7.41421366
57,   4.80000019,          12.
58,    3.5999999,          12.
59,    2.4000001,          12.
60,   1.20000005,          12.
61,           0.,   10.8000002
62,           0.,   9.60000038
63,           0.,   8.39999962
64,           0.,   7.19999981
65,    7.7808032,   4.21713877
66,   7.25798607,  0.941233099
67,    7.3260355,   1.89890873
68,   7.46156502,   2.93978572
69,   11.0586233,   4.74273777
70,   10.0967026,   4.67022562
71,   9.05423164,   4.53261518
72,   8.47716618,   1.04060721
73,   9.66523743,   1.10741878
74,   10.8363371,   1.15737021
75,   8.57241154,   2.10359907
76,   9.74868011,   2.23525095
77,   10.8836918,   2.32648468
78,   8.74129295,   3.24598074
79,   9.88410568,   3.41619349
80,   10.9566059,   3.52135396
81,   4.21622801,   4.22156525
82,   4.52922487,    2.9497261
83,   4.67056131,    1.9031651
84,   4.74750853,  0.937068105
85,  0.941233099,   4.74201441
86,   1.89794302,    4.6751914
87,   2.93876529,   4.54015017
88,   1.04017091,   3.52327633
89,   1.10755444,   2.33477616
90,   1.15810585,   1.16306806
91,   2.10294199,   3.42872477
92,   2.23652053,   2.25050449
93,   2.32852459,   1.11467004
94,   3.24541187,   3.25990558
95,   3.41799164,   2.11467075
96,   3.52350616,   1.04160225
97,   7.78377247,   7.77843571
98,   7.47077465,    9.0502739
99,   7.32943916,   10.0968351
100,   7.25249147,    11.062933
101,   11.0587673,   7.25798607
102,   10.1020575,    7.3248086
103,   9.06123543,   7.45985031
104,   10.9598293,   8.47672367
105,   10.8924456,   9.66522408
106,   10.8418941,   10.8369322
107,   9.89705753,   8.57127571
108,   9.76347923,   9.74949551
109,   9.67147541,   10.8853302
110,   8.75458813,   8.74009514
111,   8.58200836,   9.88532925
112,   8.47649384,   10.9583988
113,   4.21919632,   7.78286123
114,   4.74201441,   11.0587673
115,    4.6739645,   10.1010914
116,   4.53843451,   9.06021404
117,  0.941376507,   7.25726223
118,   1.90329742,   7.32977486
119,   2.94576788,   7.46738482
120,   3.52283382,   10.9593925
121,   2.33476257,    10.892581
122,   1.16366291,   10.8426304
123,   3.42758799,   9.89640141
124,   2.25131917,   9.76474953
125,   1.11630821,   9.67351532
126,   3.25870705,   8.75401974
127,   2.11589336,   8.58380699
128,   1.04339457,   8.47864628

 1, 13,  1, 14, 65
 2, 14, 15, 68, 65
 3, 15, 16, 67, 68
 4, 16, 17, 66, 67
 5, 17,  2, 18, 66
 6, 18, 19, 72, 66
 7, 19, 20, 73, 72
 8, 20, 21, 74, 73
 9, 21,  3, 22, 74
10, 66, 72, 75, 67
11, 72, 73, 76, 75
12, 73, 74, 77, 76
13, 74, 22, 23, 77
14, 67, 75, 78, 68
15, 75, 76, 79, 78
16, 76, 77, 80, 79
17, 77, 23, 24, 80
18, 68, 78, 71, 65
19, 78, 79, 70, 71
20, 79, 80, 69, 70
21, 80, 24, 25, 69
22, 25,  4, 26, 69
23, 69, 26, 27, 70
24, 70, 27, 28, 71
25, 71, 28, 29, 65
26, 29,  5, 13, 65
27, 33,  2, 17, 84
28, 84, 17, 16, 83
29, 83, 16, 15, 82
30, 82, 15, 14, 81
31, 14,  1, 34, 81
32, 34,  6, 35, 81
33, 35, 36, 87, 81
34, 36, 37, 86, 87
35, 37, 38, 85, 86
36, 38,  7, 39, 85
37, 39, 40, 88, 85
38, 40, 41, 89, 88
39, 41, 42, 90, 89
40, 42,  8, 30, 90
41, 85, 88, 91, 86
42, 88, 89, 92, 91
43, 89, 90, 93, 92
44, 90, 30, 31, 93
45, 86, 91, 94, 87
46, 91, 92, 95, 94
47, 92, 93, 96, 95
48, 93, 31, 32, 96
49, 87, 94, 82, 81
50, 94, 95, 83, 82
51, 95, 96, 84, 83
52, 96, 32, 33, 84
53,  46,   9,  47, 100
54, 100,  47,  48,  99
55,  99,  48,  49,  98
56,  98,  49,  50,  97
57,  50,  10,  51,  97
58,  51,   5,  29,  97
59,  29,  28, 103,  97
60,  28,  27, 102, 103
61,  27,  26, 101, 102
62,  26,   4,  52, 101
63,  52,  53, 104, 101
64,  53,  54, 105, 104
65,  54,  55, 106, 105
66,  55,  11,  43, 106
67, 101, 104, 107, 102
68, 104, 105, 108, 107
69, 105, 106, 109, 108
70, 106,  43,  44, 109
71, 102, 107, 110, 103
72, 107, 108, 111, 110
73, 108, 109, 112, 111
74, 109,  44,  45, 112
75, 103, 110,  98,  97
76, 110, 111,  99,  98
77, 111, 112, 100,  99
78, 112,  45,  46, 100
 79,  56,  10,  50, 113
 80,  50,  49, 116, 113
 81,  49,  48, 115, 116
 82,  48,  47, 114, 115
 83,  47,   9,  57, 114
 84,  57,  58, 120, 114
 85,  58,  59, 121, 120
 86,  59,  60, 122, 121
 87,  60,  12,  61, 122
 88, 114, 120, 123, 115
 89, 120, 121, 124, 123
 90, 121, 122, 125, 124
 91, 122,  61,  62, 125
 92, 115, 123, 126, 116
 93, 123, 124, 127, 126
 94, 124, 125, 128, 127
 95, 125,  62,  63, 128
 96, 116, 126, 119, 113
 97, 126, 127, 118, 119
 98, 127, 128, 117, 118
 99, 128,  63,  64, 117
100,  64,   7,  38, 117
101, 117,  38,  37, 118
102, 118,  37,  36, 119
103, 119,  36,  35, 113
104,  35,   6,  56, 113

0

0

22
2,0.0,0.0
3,0.0,0.0
8,0.0,0.0
18,0.0,0.0
19,0.0,0.0
20,0.0,0.0
21,0.0,0.0
30,0.0,0.0
31,0.0,0.0
32,0.0,0.0
33,0.0,0.0
9,0.0,3.0
11,0.0,3.0
12,0.0,3.0
43,0.0,3.0
44,0.0,3.0
45,0.0,3.0
46,0.0,3.0
57,0.0,3.0
58,0.0,3.0
59,0.0,3.0
60,0.0,3.0

2,  3,  8, 18, 19, 20, 21, 30, 31, 32, 33
9, 11, 12, 43, 44, 45, 46, 57, 58, 59, 60