128,104

  1,           0., -0.200000003
  2,           0., -0.0500000007
  3, -0.0500000007,           0.
  4, -0.200000003,           0.
  5, -0.200000003, -0.200000003
  6,  0.200000003, -0.200000003
  7,  0.200000003,           0.
  8, 0.0500000007,           0.
  9,           0., 0.0500000007
 10,           0.,  0.200000003
 11, -0.200000003,  0.200000003
 12,  0.200000003,  0.200000003
 13, -0.159999996, -0.200000003
 14, -0.119999997, -0.200000003
 15, -0.0799999982, -0.200000003
 16, -0.0399999991, -0.200000003
 17,           0., -0.170000002
 18,           0., -0.140000001
 19,           0., -0.109999999
 20,           0., -0.0799999982
 21, -0.0353553407, -0.0353553407
 22, -0.0799999982,           0.
 23, -0.109999999,           0.
 24, -0.140000001,           0.
 25, -0.170000002,           0.
 26, -0.200000003, -0.0399999991
 27, -0.200000003, -0.0799999982
 28, -0.200000003, -0.119999997
 29, -0.200000003, -0.159999996
 30, 0.0353553407, -0.0353553407
 31, 0.0399999991, -0.200000003
 32, 0.0799999982, -0.200000003
 33,  0.119999997, -0.200000003
 34,  0.159999996, -0.200000003
 35,  0.200000003, -0.159999996
 36,  0.200000003, -0.119999997
 37,  0.200000003, -0.0799999982
 38,  0.200000003, -0.0399999991
 39,  0.170000002,           0.
 40,  0.140000001,           0.
 41,  0.109999999,           0.
 42, 0.0799999982,           0.
 43, -0.0353553407, 0.0353553407
 44,           0., 0.0799999982
 45,           0.,  0.109999999
 46,           0.,  0.140000001
 47,           0.,  0.170000002
 48, -0.0399999991,  0.200000003
 49, -0.0799999982,  0.200000003
 50, -0.119999997,  0.200000003
 51, -0.159999996,  0.200000003
 52, -0.200000003,  0.159999996
 53, -0.200000003,  0.119999997
 54, -0.200000003, 0.0799999982
 55, -0.200000003, 0.0399999991
 56,  0.159999996,  0.200000003
 57,  0.119999997,  0.200000003
 58, 0.0799999982,  0.200000003
 59, 0.0399999991,  0.200000003
 60, 0.0353553407, 0.0353553407
 61,  0.200000003, 0.0399999991
 62,  0.200000003, 0.0799999982
 63,  0.200000003,  0.119999997
 64,  0.200000003,  0.159999996
 65, -0.0527397357, -0.0524781272
 66, -0.0459405817, -0.094908379
 67, -0.0428711176, -0.131524205
 68, -0.0411624834, -0.166171223
 69, -0.165537179, -0.0414746739
 70, -0.131368294, -0.0427354798
 71, -0.0954342037, -0.0455250517
 72, -0.163151145, -0.0817058235
 73, -0.161797374, -0.121318862
 74,  -0.16084221, -0.160693258
 75, -0.126353279, -0.0835407823
 76, -0.123463929, -0.122968316
 77, -0.121521242, -0.161705554
 78, -0.0879654288, -0.0873834193
 79, -0.0840198249, -0.126259148
 80, -0.0816758871, -0.163533986
 81, 0.0526838601, -0.0527065508
 82, 0.0414746739, -0.165537179
 83, 0.0427354798, -0.131368294
 84, 0.0456314571, -0.0953929871
 85,  0.165592596, -0.0414623469
 86,  0.131370485, -0.0428110622
 87, 0.0952902138, -0.0457536802
 88, 0.0817058235, -0.163151145
 89,  0.121318862, -0.161797374
 90,  0.160693258,  -0.16084221
 91, 0.0835957602, -0.126320362
 92,  0.122948423, -0.123478204
 93,  0.161625355, -0.121571042
 94, 0.0874855742, -0.0879226848
 95,  0.126166046, -0.0840439275
 96,  0.163346007, -0.0817693323
 97, -0.0526838601, 0.0527065508
 98, -0.0414746739,  0.165537179
 99, -0.0427354798,  0.131368294
100, -0.0456314571, 0.0953929871
101, -0.165592596, 0.0414623469
102, -0.131370485, 0.0428110622
103, -0.0952902138, 0.0457536802
104, -0.0817058235,  0.163151145
105, -0.121318862,  0.161797374
106, -0.160693258,   0.16084221
107, -0.0835957602,  0.126320362
108, -0.122948423,  0.123478204
109, -0.161625355,  0.121571042
110, -0.0874855742, 0.0879226848
111, -0.126166046, 0.0840439275
112, -0.163346007, 0.0817693323
113, 0.0527397357, 0.0524781272
114, 0.0459405817,  0.094908379
115, 0.0428711176,  0.131524205
116, 0.0411624834,  0.166171223
117,  0.165537179, 0.0414746739
118,  0.131368294, 0.0427354798
119, 0.0954342037, 0.0455250517
120,  0.163151145, 0.0817058235
121,  0.161797374,  0.121318862
122,   0.16084221,  0.160693258
123,  0.126353279, 0.0835407823
124,  0.123463929,  0.122968316
125,  0.121521242,  0.161705554
126, 0.0879654288, 0.0873834193
127, 0.0840198249,  0.126259148
128, 0.0816758871,  0.163533986

 1, 16,  1, 17, 68
 2, 68, 17, 18, 67
 3, 67, 18, 19, 66
 4, 66, 19, 20, 65
 5, 20,  2, 21, 65
 6, 21,  3, 22, 65
 7, 22, 23, 71, 65
 8, 23, 24, 70, 71
 9, 24, 25, 69, 70
10, 25,  4, 26, 69
11, 26, 27, 72, 69
12, 27, 28, 73, 72
13, 28, 29, 74, 73
14, 29,  5, 13, 74
15, 69, 72, 75, 70
16, 72, 73, 76, 75
17, 73, 74, 77, 76
18, 74, 13, 14, 77
19, 70, 75, 78, 71
20, 75, 76, 79, 78
21, 76, 77, 80, 79
22, 77, 14, 15, 80
23, 71, 78, 66, 65
24, 78, 79, 67, 66
25, 79, 80, 68, 67
26, 80, 15, 16, 68
27, 30,  2, 20, 81
28, 20, 19, 84, 81
29, 19, 18, 83, 84
30, 18, 17, 82, 83
31, 17,  1, 31, 82
32, 31, 32, 88, 82
33, 32, 33, 89, 88
34, 33, 34, 90, 89
35, 34,  6, 35, 90
36, 82, 88, 91, 83
37, 88, 89, 92, 91
38, 89, 90, 93, 92
39, 90, 35, 36, 93
40, 83, 91, 94, 84
41, 91, 92, 95, 94
42, 92, 93, 96, 95
43, 93, 36, 37, 96
44, 84, 94, 87, 81
45, 94, 95, 86, 87
46, 95, 96, 85, 86
47, 96, 37, 38, 85
48, 38,  7, 39, 85
49, 85, 39, 40, 86
50, 86, 40, 41, 87
51, 87, 41, 42, 81
52, 42,  8, 30, 81
53,  43,   9,  44,  97
54,  44,  45, 100,  97
55,  45,  46,  99, 100
56,  46,  47,  98,  99
57,  47,  10,  48,  98
58,  48,  49, 104,  98
59,  49,  50, 105, 104
60,  50,  51, 106, 105
61,  51,  11,  52, 106
62,  98, 104, 107,  99
63, 104, 105, 108, 107
64, 105, 106, 109, 108
65, 106,  52,  53, 109
66,  99, 107, 110, 100
67, 107, 108, 111, 110
68, 108, 109, 112, 111
69, 109,  53,  54, 112
70, 100, 110, 103,  97
71, 110, 111, 102, 103
72, 111, 112, 101, 102
73, 112,  54,  55, 101
74,  55,   4,  25, 101
75, 101,  25,  24, 102
76, 102,  24,  23, 103
77, 103,  23,  22,  97
78,  22,   3,  43,  97
 79,  59,  10,  47, 116
 80, 116,  47,  46, 115
 81, 115,  46,  45, 114
 82, 114,  45,  44, 113
 83,  44,   9,  60, 113
 84,  60,   8,  42, 113
 85,  42,  41, 119, 113
 86,  41,  40, 118, 119
 87,  40,  39, 117, 118
 88,  39,   7,  61, 117
 89,  61,  62, 120, 117
 90,  62,  63, 121, 120
 91,  63,  64, 122, 121
 92,  64,  12,  56, 122
 93, 117, 120, 123, 118
 94, 120, 121, 124, 123
 95, 121, 122, 125, 124
 96, 122,  56,  57, 125
 97, 118, 123, 126, 119
 98, 123, 124, 127, 126
 99, 124, 125, 128, 127
100, 125,  57,  58, 128
101, 119, 126, 114, 113
102, 126, 127, 115, 114
103, 127, 128, 116, 115
104, 128,  58,  59, 116

0

0

22
1,0.0,0.0
5,0.0,0.0
6,0.0,0.0
13,0.0,0.0
14,0.0,0.0
15,0.0,0.0
16,0.0,0.0
31,0.0,0.0
32,0.0,0.0
33,0.0,0.0
34,0.0,0.0
10,0.0,0.1
11,0.0,0.1
12,0.0,0.1
48,0.0,0.1
49,0.0,0.1
50,0.0,0.1
51,0.0,0.1
56,0.0,0.1
57,0.0,0.1
58,0.0,0.1
59,0.0,0.1